9
4 16*
0 0
1 0
2 0
2 1
2 2-
0 1
1 1
3 13+
0 2
1 2
2 2
1 8?
0 3
2 1-
0 4
0 5
3 18+
0 6
0 7
0 8
2 3/
1 3
1 4
2 2/
1 5
1 6
2 4-
1 7
1 8
3 42*
2 3
3 3
3 2
2 2-
2 4
3 4
3 18+
2 5
2 6
3 6
1 9?
2 7
3 24*
2 8
3 8
3 7
2 3-
3 0
3 1
3 15+
3 5
4 5
4 6
2 5-
4 0
4 1
3 108*
4 2
5 2
6 2
2 4-
4 3
5 3
3 72*
4 4
5 4
6 4
3 17+
4 7
4 8
5 7
2 11+
5 0
5 1
2 3/
5 5
5 6
2 1-
5 8
6 8
2 4-
6 0
6 1
2 10+
6 3
7 3
3 168*
6 5
6 6
6 7
3 144*
7 0
8 0
8 1
2 2/
7 1
7 2
2 5-
7 4
8 4
2 5-
7 5
8 5
1 1?
7 6
3 10*
7 7
7 8
8 8
2 17+
8 2
8 3
2 35*
8 6
8 7